0.690217
0.686841
0.683391
0.679984
0.67659
0.673316
0.670129
0.667041
0.664018
0.66107
0.658065
0.655248
0.652452
0.649646
0.646869
0.644148
0.641477
0.63891
0.636302
0.633774
0.631367
0.629031
0.626681
0.624376
0.62211
0.619913
0.61773
0.615642
0.613638
0.61163
0.609668
0.607807
0.605945
0.604154
0.602383
0.600644
0.598998
0.597361
0.595805
0.594282
0.592813
0.591383
0.589972
0.588601
0.587212
0.58585
0.584525
0.583261
0.582053
0.580884
0.579749
0.578639
0.577588
0.576568
0.575542
0.574538
0.573582
0.572648
0.571719
0.570802
0.569885
0.568995
0.568089
0.567193
0.566319
0.565434
0.564545
0.563651
0.562773
0.561908
0.561053
0.56022
0.559377
0.558537
0.557691
0.556849
0.556027
0.555208
0.554399
0.55358
0.55276
0.551937
0.551104
0.550281
0.549466
0.548646
0.547824
0.546999
0.546163
0.545341
0.544528
0.543718
0.542913
0.542123
0.541333
0.540545
0.539759
0.538979
0.538203
0.537434
0.690846
0.688683
0.686576
0.684512
0.682485
0.680493
0.678566
0.676747
0.675026
0.673313
0.671688
0.670067
0.668508
0.667029
0.665621
0.664329
0.663088
0.66186
0.660647
0.659557
0.658476
0.657469
0.656494
0.655596
0.654731
0.65396
0.653222
0.652492
0.651779
0.651151
0.650554
0.649993
0.649434
0.648932
0.648468
0.648018
0.647595
0.647265
0.646912
0.646574
0.646238
0.645911
0.645627
0.64537
0.645097
0.644836
0.644593
0.644361
0.644128
0.643904
0.643677
0.643475
0.643273
0.64308
0.642896
0.642713
0.642544
0.642375
0.642214
0.642054
0.641901
0.641748
0.641605
0.641472
0.641333
0.64119
0.641046
0.6409
0.640757
0.640608
0.640462
0.640322
0.640182
0.640036
0.639878
0.63972
0.63956
0.639409
0.63926
0.639108
0.638961
0.638815
0.638665
0.63852
0.638371
0.638222
0.638076
0.637926
0.637777
0.637635
0.637501
0.637376
0.63725
0.637119
0.63698
0.636846
0.636715
0.636583
0.636449
0.63632
0.691634
0.690256
0.68893
0.687608
0.68632
0.685066
0.683814
0.682579
0.681379
0.680235
0.679106
0.677998
0.676948
0.675907
0.674923
0.673942
0.672966
0.671997
0.671034
0.670092
0.669184
0.668295
0.6674
0.666511
0.665641
0.6648
0.663947
0.663105
0.662251
0.661409
0.660559
0.659708
0.658868
0.658028
0.65719
0.656357
0.655514
0.654676
0.653825
0.65297
0.652127
0.651285
0.650476
0.649669
0.648859
0.648054
0.647251
0.646462
0.645675
0.644903
0.644132
0.643365
0.642593
0.641817
0.641043
0.640269
0.639498
0.638744
0.637986
0.637224
0.636463
0.635717
0.634969
0.634218
0.633474
0.632727
0.631976
0.631218
0.630461
0.629712
0.628954
0.628201
0.627449
0.626697
0.625936
0.625177
0.624415
0.623667
0.622931
0.622201
0.621478
0.620756
0.62004
0.619322
0.618606
0.617893
0.617182
0.616471
0.61576
0.615052
0.614336
0.61363
0.612925
0.612231
0.611546
0.610868
0.610193
0.609524
0.608852
0.608174
