0.57762
0.486144
0.306403
0.254485
0.235613
0.197973
0.179693
0.172234
0.147779
0.140282
0.120858
0.115618
0.0945465
0.0826593
0.0778113
0.0683833
0.0635835
0.0609312
0.0529834
0.0490483
0.0456381
0.0425507
0.0398503
0.0374779
0.035431
0.0336338
0.0320333
0.0305903
0.0292796
0.028083
0.0269858
0.025976
0.0250432
0.0241788
0.0233755
0.0226268
0.0219274
0.0212723
0.0206574
0.0200791
0.0195341
0.0190196
0.018533
0.0180722
0.017635
0.0172196
0.0168245
0.0164481
0.0160892
0.0157465
0.0154189
0.0151055
0.0148053
0.0145174
0.0142412
0.0139759
0.0137209
0.0134755
0.0132393
0.0130117
0.0127922
0.0125804
0.0123759
0.0121784
0.0119874
0.0118027
0.0116239
0.0114507
0.0112829
0.0111203
0.0109625
0.0108094
0.0106608
0.0105165
0.0103762
0.0102399
0.0101072
0.0099782
0.00985261
0.00973034
0.00961121
0.00949516
0.00938202
0.00927172
0.00916413
0.00905914
0.00895668
0.00885662
0.00875895
0.00866348
0.00857023
0.00847905
0.00838992
0.00830277
0.00821749
0.00813405
0.00805239
0.00797243
0.00789416
0.00781748
0.671693
0.645104
0.636506
0.628574
0.623547
0.619201
0.615754
0.614054
0.610292
0.607043
0.604689
0.602663
0.600972
0.599742
0.597893
0.596345
0.595124
0.594058
0.593313
0.592043
0.591093
0.59028
0.589995
0.588901
0.588118
0.587459
0.5869
0.586478
0.585791
0.585226
0.584752
0.584461
0.583846
0.583346
0.582931
0.582697
0.582142
0.581694
0.581321
0.581101
0.580599
0.580194
0.579854
0.579622
0.579169
0.5788
0.578486
0.578231
0.577822
0.577484
0.577192
0.576909
0.576539
0.576229
0.576077
0.575637
0.575305
0.575019
0.5748
0.574418
0.574117
0.573851
0.573581
0.573245
0.572968
0.572792
0.572415
0.572113
0.571855
0.571621
0.571289
0.571014
0.570878
0.570488
0.570195
0.569943
0.56973
0.569399
0.569136
0.569012
0.56864
0.56835
0.568108
0.567909
0.567591
0.567332
0.56722
0.566849
0.566574
0.56634
0.566143
0.565835
0.565591
0.565468
0.565126
0.56486
0.564638
0.564439
0.564151
0.563915
0.657862
0.62473
0.598314
0.574279
0.553874
0.545947
0.522987
0.501941
0.486721
0.473422
0.462417
0.452753
0.444903
0.433557
0.42506
0.418041
0.412244
0.40394
0.397852
0.394179
0.386598
0.381465
0.378014
0.371925
0.367784
0.363957
0.359435
0.357124
0.351996
0.348839
0.34538
0.342173
0.339323
0.336064
0.33367
0.330411
0.32831
0.325138
0.32318
0.320193
0.318262
0.315541
0.313566
0.311158
0.309111
0.307023
0.30597
0.301285
0.299428
0.297626
0.294003
0.292859
0.290552
0.288961
0.287352
0.285361
0.282623
0.281302
0.279685
0.278034
0.275384
0.274128
0.272705
0.270803
0.268732
0.268203
0.264995
0.263936
0.262605
0.260796
0.25909
0.257908
0.255734
0.255156
0.252517
0.251477
0.250741
0.249334
0.247947
0.246363
0.245206
0.2435
0.242471
0.240736
0.239719
0.238066
0.236958
0.235484
0.234226
0.232989
0.231896
0.228783
0.22798
0.227284
0.226762
0.225556
0.224094
0.221721
0.220868
0.219632
