0.576768
0.492541
0.457359
0.41938
0.243855
0.213301
0.19857
0.169753
0.134414
0.126052
0.119812
0.101224
0.0886855
0.0847716
0.0704518
0.0649756
0.0619616
0.0571498
0.0536153
0.0467618
0.0457355
0.0431376
0.0410158
0.0364709
0.0349808
0.0331368
0.0316464
0.0305925
0.0291374
0.028322
0.0271675
0.0262856
0.0257041
0.0246079
0.0240544
0.0234099
0.0222117
0.0215166
0.0209833
0.0206582
0.0199502
0.0196157
0.0188494
0.0185468
0.0178327
0.0178327
0.017486
0.0172841
0.0168223
0.0164942
0.0158405
0.0155225
0.0153353
0.015005
0.0145891
0.0142499
0.0140094
0.0137672
0.013501
0.0132748
0.0130961
0.0128296
0.0126402
0.012497
0.0123066
0.0121623
0.0118817
0.0116536
0.0114997
0.0112905
0.0111922
0.0110762
0.0108458
0.0107076
0.0107074
0.010587
0.0104556
0.0102722
0.0101017
0.0100203
0.00986856
0.00977379
0.00966135
0.00953491
0.00943806
0.00932599
0.00922964
0.0091881
0.00899979
0.00890751
0.00883319
0.00873292
0.0086269
0.00853809
0.00845178
0.00840529
0.00829064
0.00829064
0.00819337
0.00812455
0.650505
0.608697
0.605895
0.605781
0.605781
0.605632
0.60539
0.60494
0.60494
0.604263
0.602385
0.602385
0.602284
0.60148
0.601305
0.601288
0.601288
0.601288
0.601171
0.594477
0.594477
0.59084
0.590839
0.590839
0.59056
0.588517
0.588517
0.584927
0.584927
0.583224
0.583217
0.583217
0.583217
0.583217
0.583217
0.583217
0.583117
0.583064
0.583064
0.582998
0.582997
0.582997
0.582964
0.582859
0.582774
0.582774
0.582728
0.582728
0.582728
0.582728
0.582704
0.582703
0.582531
0.582341
0.582341
0.582341
0.582341
0.582341
0.582341
0.582341
0.582326
0.582326
0.582326
0.582326
0.582326
0.582284
0.582284
0.582115
0.582075
0.582075
0.582069
0.581086
0.580679
0.580679
0.580186
0.580171
0.58012
0.58012
0.58012
0.58012
0.58012
0.58012
0.58012
0.58012
0.578709
0.578159
0.578159
0.578159
0.578159
0.578159
0.578159
0.578157
0.578157
0.578157
0.578157
0.578156
0.578156
0.57812
0.57812
0.57812
0.637051
0.599065
0.588691
0.58351
0.578097
0.564793
0.526986
0.521585
0.514972
0.501349
0.495355
0.485104
0.480917
0.468728
0.468599
0.467241
0.460351
0.441991
0.43976
0.421282
0.410971
0.410971
0.397364
0.378201
0.369427
0.359888
0.357974
0.346956
0.346869
0.346869
0.343723
0.342084
0.335989
0.318402
0.318031
0.317056
0.317056
0.317056
0.316536
0.316536
0.316536
0.316536
0.316536
0.316302
0.315698
0.315698
0.303077
0.302638
0.302638
0.301074
0.301074
0.299689
0.299689
0.298544
0.297066
0.296742
0.296742
0.296446
0.2963
0.296207
0.296207
0.288209
0.288209
0.287487
0.287301
0.287301
0.287301
0.287238
0.287217
0.287128
0.286683
0.286652
0.286553
0.286469
0.286469
0.286469
0.286428
0.286107
0.286107
0.286107
0.283128
0.277249
0.27719
0.276289
0.276289
0.274812
0.273918
0.273918
0.273323
0.273084
0.273084
0.272924
0.271286
0.270399
0.270399
0.267649
0.267553
0.267484
0.265762
0.265192
